--- HPO 综合结果 ---
本轮 HPO 平均最高分 (ICIR): 14.1520
将用于后续训练的【平均参数】如下:
bagging_fraction: 0.706011457750439
bagging_freq: 1
device: gpu
early_stopping_rounds: 5000
feature_fraction: 0.8512413248598092
learning_rate: 0.0397145000660667
min_child_samples: 46
n_estimators: 200000
n_jobs: 8
num_leaves: 23
reg_alpha: 0.2388907668680346
reg_lambda: 0.07748115323674509
verbose: -1
verbose_period: 20000